width=84
height=84
day=0
populationPool=5000
employmentPool=25
population=50000
employable=2500
birthRate=0.00055
deathRate=0.00023
residentialTax=0.05
commercialTax=0.05
industrialTax=0.05
funds=300000
earnings=1000